              precision    recall  f1-score   support

           A       0.99      0.99      0.99       600
           B       0.99      0.98      0.99       600
           C       1.00      0.99      0.99       600
           D       1.00      0.97      0.99       600
           E       0.96      0.99      0.97       600
           F       1.00      1.00      1.00       600
           G       0.99      0.98      0.99       600
           H       0.99      0.99      0.99       600
           I       0.98      0.92      0.95       600
           J       0.96      0.95      0.96       600
           K       0.99      0.98      0.98       600
           L       1.00      0.99      0.99       600
           M       0.96      0.97      0.96       600
           N       0.94      0.96      0.95       600
           O       0.99      0.95      0.97       600
           P       0.97      0.99      0.98       600
           Q       1.00      0.97      0.98       600
           R       0.86      0.99      0.92       600
           S       0.89      0.95      0.92       600
           T       0.99      0.94      0.96       600
           U       0.89      0.95      0.92       600
           V       0.91      0.97      0.94       600
           W       0.99      0.96      0.97       600
           X       0.98      0.89      0.93       600
           Y       0.98      0.96      0.97       600
           Z       0.99      0.93      0.96       600
         del       0.99      0.99      0.99       600
     nothing       1.00      0.99      1.00       600
       space       1.00      0.99      1.00       600

    accuracy                           0.97     17400
   macro avg       0.97      0.97      0.97     17400
weighted avg       0.97      0.97      0.97     17400
